CM1001
Software Development 1
990001
990002
990003
990004
990005
990006
990007
990008
990009
990010
990011
990012
990013
990014
990015
990016
990017
990018
990019
990020
990021
990022
990023
990024
990025
990026
990027
990028
990029
990030
990031
990032

CM1005
Introduction to Computer Systems
990001
990002
990003
990004
990005
990006
990007
990008
990009
990010
990011
990012
990013
990014
990015
990016
990017
990018
990019
990020
990021
990022
990023
990024
990025
990026
990027
990028
990029
990030
990031
990032

CM1003
Quantitative Methods for Computing
990001
990002
990003
990004
990005
990006
990007
990008
990009
990010
990011
990012
990013
990014
990015
990016
990017
990018
990019
990020
990021
990022
990023
990024
990025
990026
990027
990028
990029
990030
990031
990032

CM1004
Applications Software
990001
990002
990003
990005
990006
990007
990009
990010
990011
990013
990014
990015
990017
990018
990019
990021
990022
990023
990024
990026
990027
990028
990030
990031
990032

CM1006
Software Development 2
990001
990002
990003
990004
990005
990006
990007
990008
990009
990010
990011
990012
990013
990014
990015
990016
990017
990018
990019
990020
990021
990022
990023
990024
990025
990026
990027
990028
990029
990030
990031
990032

CM1002
Computing Theory
990001
990005
990009
990013
990017
990021
990026
990030

CM1009
Introduction Systems Analysis and Design
990001
990002
990003
990004
990005
990006
990007
990008
990009
990010
990011
990012
990013
990014
990015
990016
990017
990018
990019
990020
990021
990022
990023
990024
990025
990026
990027
990028
990029
990030
990031
990032

CM1008
Web Techniques
990001
990002
990003
990004
990005
990006
990007
990008
990009
990010
990011
990012
990013
990014
990015
990016
990017
990018
990019
990020
990021
990022
990023
990024
990025
990026
990027
990028
990029
990030
990031
990032

FM1001
ICT Applications
990004
990008
990012
990016
990020
990025
990029

IM1002
Information Search Skills
990004
990008
990012
990016
990020
990025
990029

BS1007
Business Environment
990002
990003
990006
990007
990010
990011
990014
990015
990018
990019
990022
990023
990024
990027
990028
